30
3.24392126060713
1149.20997947576
98.6030707408075
2552.12445823686
151.674755155899
446.959032184523
0.00769671372242703
3.51325553579906
11.8311512639063
1.36208490501317
6.17754736568811
5.33984969486480
30
1.67066478221291
1149.21007169888
91.7034717896594
2552.38595704087
151.533015125222
448.118084017607
6.02607570072705e-05
0.999991529994483
12.5481363706070
0.788984316382936
5.95372141619104
5.57058177432947
30
1.21950986375484
1149.21019499472
69.6596030643658
2560.21739270260
152.690053863956
449.667909802454
1.63498453276461
6.22894453179723
7.31956755593559
0.830698667295283
4.71315635140251
4.82361593029559
30
0.973256371245240
1149.21031865404
54.4486327732072
2563.32535826800
153.713561494134
451.219700917502
2.47449522500988
11.0693846378782
2.78242228849402
0.752762568212059
3.84031506490484
4.15378840361541
30
0.808006593088130
1149.21044267791
44.4829923244267
2562.86634753876
154.165736210574
452.771262416084
2.00000053770888
13.5243215466795
0.671880313995662
0.664496875847636
3.26047996085386
3.82768276909401
6399.43764324344
356.287904509469
356.287903717031
356.287902924709
356.287902132503
356.287901340413
69.0021031406785
29.5482047883206
18.1184511721212
12.5017478382357
30
30
30
30
30
30
30
30
30
30
0.808006550745625
0.808006558498803
0.808006566221446
0.808006573913667
0.808006581575652
0.808006589207688
0.808006581248942
0.808006573257611
0.808006565233388
0.808006557176072
2.00000159290677
2.00000139965290
2.00000120717564
2.00000101547110
2.00000082453799
2.00000063437873
2.00000083267950
2.00000103182131
2.00000123180193
2.00000143262330
13.5243220131821
13.5243219277432
13.5243218426486
13.5243217578989
13.5243216734931
13.5243215894246
13.5243216770923
13.5243217651271
13.5243218535360
13.5243219423196
0.671879185293726
0.671879391995793
0.671879597872680
0.671879802927937
0.671880007163642
0.671880210580370
0.671879998454910
0.671879785439091
0.671879571532046
0.671879356731155
0.664496851886938
0.664496856274084
0.664496860644034
0.664496864996836
0.664496869332604
0.664496873651568
0.664496869147725
0.664496864625594
0.664496860084930
0.664496855525616
3.82768265515083
3.82768267601804
3.82768269680172
3.82768271750207
3.82768273811932
3.82768275865398
3.82768273724019
3.82768271573657
3.82768269414258
3.82768267245797